5000
9830
5588
964
8396
3588
764
7382
5485
6307
398
4893
5090
7035
323
2274
698
7072
7480
9584
6095
8712
7533
2041
9142
9432
7641
738
8492
8606
11
4092
19
5599
6637
9996
769
7400
7379
7835
3707
9358
2728
379
6393
4632
4235
8673
1704
3297
8257
9381
2009
7373
1422
1152
6805
645
3471
5297
833
3481
9388
852
9079
7608
2430
1430
5008
1391
9264
298
2332
3574
676
8724
8206
6492
8979
1492
9789
8819
2455
1798
6192
3876
4531
4579
4521
8001
9875
5353
1483
846
7786
2144
8453
1799
3574
5044
3189
4420
6923
5520
7994
9180
5827
7782
5673
6388
856
5462
6789
3311
8841
4563
8768
3373
9141
4871
1374
599
1807
4438
1445
9592
6582
1480
2973
1738
8105
7744
7739
5028
4846
7315
4209
2255
5097
1464
8643
7535
6925
7014
846
7348
1578
9613
721
719
4485
3677
1318
7873
9696
4344
9047
7860
7405
2021
9597
5511
9764
8919
2121
4610
6234
6329
8447
1332
9374
7090
449
7881
4104
1294
5230
7263
2489
5950
7982
8555
1209
882
6428
906
6807
5476
8765
4212
7496
9945
9722
8842
8864
3426
5034
5098
9754
3481
8011
9129
2153
8459
7010
7839
1335
3822
5102
3824
1355
4666
3961
2563
7129
390
5050
3936
7447
5398
8148
6525
5343
9452
5367
5789
2878
1983
2469
4215
7046
481
4926
781
522
3518
202
3439
7340
5304
8844
8694
1552
2805
2839
8681
4776
7889
4199
2223
3287
2347
8747
212
3382
5696
6000
6259
9261
8468
2056
6307
531
6981
8669
2635
2082
8871
6073
9421
5757
6499
9697
7308
9303
2536
7571
4080
2007
1771
7884
5293
5699
6632
7086
9080
3910
3086
5340
3171
3137
8977
1060
5249
5959
9729
7883
8040
183
5538
9043
5939
2037
8740
3247
2923
2858
2401
8584
4865
4171
6468
1740
9869
4682
409
8950
8592
5076
5872
3345
8212
4849
5987
5044
2390
7298
4509
2012
7480
48
1055
3419
3666
1377
8247
8170
5817
648
6754
2264
6400
4805
5585
6270
9486
5993
6802
9660
1070
2674
3006
864
9104
8992
5907
3077
6290
417
5088
5352
2046
7725
8770
7293
684
8599
5464
6500
9247
3800
8763
7229
8604
5931
3499
8091
1924
1883
7751
2993
6138
2339
3857
5243
2913
1346
8319
785
3344
4989
6136
5389
2714
6488
4265
4980
5088
9728
1480
5917
5110
1826
3146
3715
7756
8227
3388
9679
110
2721
4255
6248
5060
9693
3073
7972
2621
2974
8757
5965
7962
6475
1354
2259
2964
5618
7238
8051
6928
300
5550
2039
2125
8695
7335
1463
8504
723
2725
8614
3443
6979
6444
85
8254
9516
9639
875
2490
9978
6839
2034
6453
9775
4292
9416
6975
1530
9049
3904
1830
4599
7524
5536
4877
6441
6999
3381
7163
9723
3577
2188
8284
21
2273
6538
1119
3494
8994
3608
3472
5834
5642
9924
7191
1516
924
4166
3046
9972
9651
6457
6154
7175
1993
2613
3616
574
7575
2361
297
1153
4549
163
2755
8403
6700
3874
1897
5695
9063
5368
3111
4705
6874
302
6221
7797
4467
849
9352
4119
7305
7088
2876
880
9700
8074
1454
7275
2017
3332
10
8147
3495
2765
6550
1777
8220
29
9053
7283
6978
3746
3571
5435
4047
1374
3232
97
3804
4166
5797
2691
1254
255
3570
2536
9910
6605
1394
1928
1520
1403
75
5014
5749
8207
8372
3969
9817
9008
2835
6796
2754
7987
2231
6801
9360
7044
8479
3164
1211
4276
5854
4046
6112
1006
8164
6023
7611
9557
7950
9130
2542
9606
5726
8291
7813
5680
3842
7631
4688
8258
6009
7442
6245
9821
5825
7187
6865
4304
1933
9657
162
9368
5286
7855
375
3450
3878
9567
4589
3410
280
7130
4599
7587
7003
2412
3267
846
1625
7955
686
9215
6979
6931
9036
2804
5700
7484
8689
7633
7141
433
7001
4009
8287
8957
7458
3748
8524
2047
8739
386
760
3338
7972
7762
7332
2822
8607
539
2359
876
9754
9337
7806
373
3723
5088
7856
3994
2721
6580
6008
9722
589
5877
262
9629
9624
8786
3258
8364
754
4017
3284
8726
1780
616
1548
1969
1155
5488
2844
909
4825
2232
1281
130
7320
720
4123
1623
7299
1713
2927
9469
7589
3189
9098
8796
1975
2357
8742
2728
7955
2026
3036
1317
2642
6165
3286
3796
1653
7711
6286
8059
1526
9148
8188
428
9867
3893
2050
8748
5605
4977
8218
3195
8165
8898
1991
1722
2837
733
6031
793
4340
9067
2109
6981
6814
6976
2359
8467
6270
227
8108
7795
9375
6297
8222
825
190
272
1156
7377
6830
956
2154
4995
9853
4144
6716
2691
6458
4330
5065
798
3397
8755
9361
1793
5732
1720
1842
2002
1947
9950
1379
2904
6247
1183
5310
8018
1454
6465
6977
8284
7420
9130
4861
8856
3274
3160
1547
1314
7489
6611
2112
2468
5366
1473
4260
2680
4774
6102
6263
8302
6052
9223
2788
3881
406
8098
3481
1860
6145
459
1726
5148
9588
6586
4004
4445
1328
7132
5758
8816
5325
9451
1284
2273
2506
5544
6535
7280
3228
2798
5582
9279
2022
8370
4742
4009
8050
8222
5868
5777
8680
9175
925
8269
7344
6510
2714
8671
3642
54
7488
549
9505
354
2822
2011
5897
9356
9290
9124
3736
6455
9985
7339
6407
4727
1349
6039
2950
8798
1816
3212
9556
2741
1481
6900
833
5776
7153
6057
5830
6223
6605
6917
6577
1009
8927
2474
1947
9800
3181
5683
7837
4748
4604
4244
9475
7534
283
4007
6333
2098
7218
7471
6420
282
4371
7253
7639
3106
3310
5051
9329
1497
1968
5906
2506
2478
9961
4452
2278
4724
1717
115
9472
7903
5940
530
5437
7804
4536
3352
9901
3336
823
7904
5199
6775
6739
2839
9881
1631
7889
9210
3127
1440
5116
7214
3917
6659
3249
6194
1384
4965
7890
856
4450
5412
1385
9887
3216
7502
4821
3117
2420
5644
2603
7619
2419
9341
2040
3882
972
1511
3092
5681
2950
9789
2895
6866
6449
6143
4642
9414
2691
4114
270
7140
9525
3236
8609
2741
2320
3431
7440
6321
657
43
3940
3075
967
7561
8539
3520
9072
1631
9200
2022
3003
3678
471
1034
9820
5112
448
2511
809
717
1234
334
5534
9842
3075
7853
3273
2097
5756
5511
2139
9696
169
4687
8839
8707
8207
7911
1920
8989
1516
4922
2667
1986
5955
4070
8679
6402
8162
9487
8700
9395
1404
4234
9238
6060
3669
4093
8156
9425
9604
1877
704
9772
6564
1125
62
6353
9036
1981
5342
2134
6903
9591
4119
4440
3661
4380
843
1823
5450
1125
2801
6853
6941
2039
4495
2192
7713
2651
3199
8899
4527
5484
254
1091
6609
315
9025
5645
3878
4368
7778
781
5541
3479
6802
9201
9440
9226
2606
4890
352
5406
3325
7292
9026
7819
1066
8322
2052
4265
7221
6579
9748
9057
9251
6357
954
8277
3584
4831
4227
1362
7193
9767
6422
3996
551
5863
3222
4738
2335
5155
145
7242
4029
753
6643
5095
9074
8695
9359
7878
6856
690
6935
6107
7047
9470
5966
631
4302
193
3575
3077
1542
9996
8654
3674
5859
1877
8412
9776
8613
139
7018
2643
891
3661
7737
9965
2356
8678
7843
9211
9367
6360
6901
7996
5830
2867
8627
1714
4642
3784
4791
7765
3780
5027
1440
1222
6903
1434
998
7099
1572
9597
9741
4044
3258
9060
4009
7196
9320
3434
7989
8687
9793
6472
8266
7206
922
8475
8919
5563
2259
5292
3328
6038
320
6349
8841
8804
9364
1421
5903
936
1018
7226
4980
5858
6286
571
3054
5606
4005
2625
5876
5380
680
5724
2586
1601
4199
3088
7163
6457
8379
2073
4077
281
5
2919
668
9368
4339
6570
1887
5357
5379
8448
2797
3247
9018
7432
436
4605
57
6311
9985
736
3617
2571
2336
7815
5658
1081
4272
5620
4736
9930
5900
4740
2849
6567
4108
8770
4720
7576
5709
99
6024
8505
4927
5043
5937
5362
1230
7575
3255
1215
9893
6871
3786
2229
4686
1026
4892
540
6645
9627
471
4128
4367
4901
2277
57
3671
8578
7633
962
259
5239
9466
5186
282
6985
548
3094
4561
3803
4308
4454
674
9675
8264
6942
702
4738
7481
8928
4365
9533
4638
314
4435
6915
371
9687
5493
9585
650
5752
4824
1698
938
6688
266
1485
9781
4826
6869
4089
862
7543
5347
708
4485
6048
5446
3548
6558
9810
4664
1197
125
9098
8111
2077
368
5186
1662
2599
938
8067
5879
3457
4755
6144
6524
4536
2552
3393
208
3413
936
5554
4120
7002
3184
9565
2133
9741
9376
6796
2520
1083
7476
2213
3159
7843
7399
6402
2025
9918
4469
7903
4958
807
5629
1482
5342
8180
4874
7131
1593
7392
4267
7294
5976
9032
8442
8108
357
9400
4904
2876
483
2380
5089
5223
1806
4070
1625
5412
3988
7675
4897
8945
8481
526
2009
5406
8705
6883
4119
1880
5857
8386
756
1833
7418
9197
9941
7774
8597
6427
2233
662
8807
7321
5884
2195
1391
9090
7606
6960
6766
2503
7488
5247
3028
9496
2235
3315
7961
6354
6776
3818
4740
9113
7233
3740
8311
7174
3097
8490
3601
5329
9152
3990
4232
5036
6184
7204
5709
3790
4164
2475
7874
3234
9303
2484
4313
3121
5798
2274
9474
4156
7674
5796
3270
4907
9535
3163
2081
4214
3235
7263
9542
2387
2836
5356
9005
9019
2560
4714
4392
8306
8770
3848
1540
9655
6332
5852
2776
2130
9708
2250
7868
7382
9627
2720
3871
746
7464
7533
4959
699
4796
6084
3086
7631
1440
3673
8233
4000
9968
4207
2306
8738
8054
5427
9975
4386
1280
2752
8098
2570
6583
7548
1534
6211
268
5404
6956
7731
2937
3497
12
9314
9580
4679
6946
1021
8351
6761
5020
8319
2550
7325
8639
604
2752
198
6572
5613
4531
6252
9764
1114
3800
1298
8906
4067
6701
7444
3380
9637
942
4973
8952
522
9652
7480
1542
8003
5823
8143
7905
8372
7050
8126
558
1385
9905
7129
6997
4436
3381
8344
7132
8762
9641
6038
4411
7925
5065
7790
9144
6006
2764
9678
8109
3998
7158
1234
3583
4563
9376
1488
4517
6427
1197
5075
7811
1102
3786
6390
7120
8749
6316
4252
7511
5958
1872
1923
5465
6936
1295
4609
4524
5640
4288
2634
9637
3028
5449
3221
9173
6407
6290
3690
2834
9068
8764
2227
171
2551
200
7290
2882
8097
3124
393
5637
4995
3897
1102
1932
5192
5711
6455
2414
1581
671
2052
4608
6119
6854
3781
2527
3144
9053
6942
2213
7817
752
3965
1950
2533
2837
4831
630
5960
6806
6267
955
703
8950
4468
7476
4661
2506
9890
7823
3176
3524
4014
878
378
9376
4986
5103
8429
3510
8897
6247
4261
4444
9778
8375
7280
6192
588
4822
4580
8436
7359
6864
7386
1827
4341
3630
4332
5813
1453
9090
9336
5466
9967
1296
4843
4953
7980
3272
8462
6878
1101
4306
1322
2462
4263
185
8653
4850
5006
4815
3286
3947
1679
673
5774
7601
5884
1688
3414
7336
778
4332
2803
2327
7209
9227
7279
5190
2499
7324
2068
5182
3212
4971
7643
7474
5155
7878
3907
1744
2693
8774
5690
4371
9446
3046
1973
6912
6316
6968
4249
7093
1301
8633
9420
8509
7860
8281
5281
1941
7187
7348
7122
399
3902
6347
9455
9056
4225
3362
2382
8499
2136
9654
2871
3165
4282
6425
77
598
4975
5907
7691
7857
4540
8693
7949
2400
6974
3230
4341
5744
2161
3045
6142
6062
9392
7179
6700
3617
2123
9082
2117
4259
319
6569
9005
4600
4576
664
6780
9550
6571
6053
8990
1111
4746
6939
5093
3302
169
9433
628
2329
2478
6770
8390
1870
5531
5091
7069
7654
5755
768
3495
7655
7336
2500
3837
3494
4745
617
4626
1316
6669
3616
4009
2997
555
9101
7881
724
8534
8508
4634
2594
6860
3025
6046
2392
9697
3115
1628
7034
3882
5122
4689
2800
7621
8525
7875
2366
725
2501
5264
8975
6117
9272
3555
6671
8373
3018
8976
8489
3108
3611
1083
9968
8217
8710
3942
7914
1825
7151
4948
7288
2273
1219
1670
1476
9743
9544
5423
2050
2046
687
1026
9744
1541
4580
6415
9913
7597
5392
9984
705
585
1068
2255
8801
1360
7778
6715
3185
4929
3245
2055
7201
4463
5307
259
5788
4851
5682
7838
8478
6368
446
8222
7909
5025
6220
9404
4204
3194
9389
4908
3778
2039
8745
2579
3398
8105
876
8164
3035
4120
220
1818
165
7108
2077
5952
1959
7758
5372
2020
5708
5817
1824
3617
2424
8043
4604
6627
1237
3993
3118
5014
7613
3445
9174
2593
1550
50
758
4584
4169
2559
7984
5915
9666
61
3450
3207
9400
8821
6808
5108
6221
8632
308
227
8257
4911
6854
9494
486
1554
6090
8098
4998
6847
691
8129
6896
3030
2714
2648
5588
2280
8562
6836
2340
2012
1626
1740
2416
8433
6847
219
7065
7154
445
5323
3647
7298
6399
4132
434
4071
3812
7013
918
6085
5143
9396
9114
9438
2044
6285
1718
2188
4703
4057
4200
6328
7378
8197
4762
5807
8415
3409
2962
8859
314
8190
7740
6712
2323
8173
2366
6134
6769
3283
2219
1912
4261
2916
1350
6304
783
3067
8492
5485
8705
4274
1814
6083
4053
8157
1890
2468
1566
6433
2909
1880
4624
649
174
8528
405
2539
4662
8755
7404
8463
667
1665
2961
3598
9551
3743
6664
9625
810
6951
5481
2623
3034
9533
780
6505
2001
3928
4521
6491
7389
9144
8722
7562
7672
709
1684
3916
9463
9087
3961
130
2334
8503
3727
3467
2246
1973
3092
3056
8923
8572
7260
3539
9687
9622
1626
3270
5132
6146
9761
2521
6872
8483
83
6126
9191
1766
43
8654
2435
5585
366
6351
4089
5674
9817
7916
7646
4492
2554
8151
4646
9814
1690
4334
1019
3315
9185
6150
1044
8946
8670
7915
9011
335
4042
9784
3683
5666
21
6117
2833
386
4050
6921
6059
5450
6420
5287
1524
8973
3438
6169
370
6709
2085
1388
25
1271
9119
2650
1799
7789
565
811
9706
6188
2177
3389
3436
2198
1088
6269
4165
5138
4772
1807
588
1192
7093
2111
1748
2114
9861
2117
8822
1947
5087
429
4799
5788
3078
8179
5160
5225
8989
4866
1413
2749
8254
4849
4946
9341
2700
693
4479
7471
2499
6648
246
1175
341
1993
3288
203
5691
3692
3731
2360
4121
112
8148
8780
8290
3308
4005
8862
8173
5418
1611
6427
1849
8138
7350
4548
8830
1830
3601
1330
60
3846
4086
401
7420
8955
2185
3112
2647
5915
7053
8349
7608
5201
7130
5898
91
1135
4760
8263
8134
7952
6272
1565
6090
3623
7694
4921
7034
1296
7832
8675
5141
3500
9075
2562
2455
2842
7255
6683
339
4308
5033
7946
9509
3745
5427
1182
6461
187
9445
6178
9721
7299
7742
5811
2504
5437
2314
1120
6732
1728
9795
3455
6809
453
7598
9263
3295
4853
7529
5215
744
2562
3162
1835
7888
8588
3016
4349
357
2461
2109
78
1343
9851
7471
5428
6870
1367
6548
5184
4677
7925
8638
1486
8377
7819
750
3254
2672
9860
8469
3415
2422
3213
5249
1892
1801
8265
7822
3739
2308
9931
5399
5232
9782
2870
661
8234
5818
8790
3418
495
6715
3638
1981
6674
1457
4312
1511
5711
4172
1562
708
8175
4774
7539
1649
8156
5804
9470
3477
9693
9401
8875
6508
766
3327
7168
8999
9145
5958
3999
9639
4255
7637
3202
929
676
9095
2439
6386
4849
5582
7094
4606
356
6215
6254
94
3601
5725
3571
3294
5126
4028
1384
5892
7355
8551
6473
6500
6091
473
7721
1928
9691
2506
2857
367
1601
6877
8335
6450
2460
7011
2638
4397
3226
8892
6073
6826
4617
1226
1702
1325
5253
3086
7216
2608
3219
5272
690
893
5744
8411
2820
5435
917
7258
7383
4099
5718
7300
2131
9759
4311
4769
5738
7536
3661
1811
5944
9859
4618
7646
1184
9871
2314
8400
4061
5532
3672
4751
8006
998
4744
827
8014
5660
9666
6979
1341
5384
4280
3472
5143
8590
9822
882
7709
3483
4274
5235
3342
8892
2881
4525
346
6776
4507
4406
3891
9760
9156
1897
2340
5482
4305
354
1142
3972
8915
4065
9355
3195
9118
6081
1785
8940
8544
1076
4005
2818
6311
7346
1710
774
3453
3637
7550
9542
8043
1441
885
8781
3337
4807
4264
7642
6742
6987
3196
5657
1052
2551
8851
170
214
2219
692
8757
3294
4696
1576
9604
3624
4867
1961
7077
8504
9510
8201
8129
951
668
6910
5869
5474
1174
5093
2217
9743
8288
7873
2377
2422
6725
2547
2635
526
3238
1393
3819
9516
4550
5006
3140
999
6966
1799
1085
6476
9999
9213
9008
668
7706
6459
7723
462
1553
9939
205
9840
9395
2582
3844
6120
6710
6479
6645
1530
9453
2046
1046
5585
7051
4186
8165
5599
5984
9250
3657
7566
46
2665
9815
7751
707
7538
8213
2259
7478
8417
3681
8455
2581
7525
6157
9290
5586
4384
821
6621
6429
3448
3788
5063
7633
1953
662
5200
1203
5901
2766
1249
148
2581
582
854
119
8794
3112
9178
8794
6793
7633
1375
5900
3790
2248
3068
8173
4650
9688
6185
8097
5058
1248
5731
7010
3491
931
9795
9391
3696
2626
9539
7858
3207
393
7976
2002
5087
8737
2378
3462
6370
3752
9361
1743
7581
2429
1498
2231
3699
7682
329
8756
8929
7641
7348
4003
154
7143
3394
3849
9768
4515
3289
4558
4908
1265
6559
9994
1584
519
3456
9536
5852
4399
1279
3434
8409
2776
5664
3690
459
7574
4028
970
5215
1376
4972
5368
8519
9948
799
9869
4463
4087
4427
9370
6934
2568
947
8517
3086
5984
9635
521
1965
914
3954
1956
5272
9617
5645
7312
8774
9672
8281
3989
2631
4836
9357
2732
4784
156
2601
829
5825
8610
1782
2759
2760
2728
2858
7428
295
2494
7948
2259
4989
1902
5797
261
3101
1442
9154
1875
2697
9018
5864
5327
3854
6803
8058
220
8540
2241
1048
5947
2433
2829
288
5193
7139
3146
2621
7433
7221
569
1274
3792
4052
8652
5635
7152
95
4789
610
4373
3807
8055
1282
9242
4858
9339
1044
4980
3162
2092
928
5595
6502
1215
788
3641
5942
4990
2656
4745
5558
5512
8537
9609
4164
4172
8343
5840
8960
535
213
4350
8589
1494
5174
5029
2415
6218
1592
5577
8309
2519
2754
4811
5315
5123
35
1258
113
4272
6002
5670
9783
4539
6861
5530
293
6786
1370
836
7321
3165
5185
7492
6240
359
4104
8655
6576
5695
5814
6467
8213
150
2861
3528
5272
4477
6367
5384
8748
2370
1054
115
8490
9496
5644
8783
7864
8595
1201
6767
1760
6385
4260
8000
8325
8363
8237
6484
4058
4051
4533
3853
4200
7393
7380
9471
3452
5330
6437
2201
7699
7490
3897
7771
8568
9540
8136
6432
9717
9336
3200
1478
7303
9041
1060
7211
8986
9296
3695
3044
4929
8227
6896
711
7203
5858
182
655
1188
6618
4437
469
5690
8333
9822
5840
9455
9540
3854
9173
8877
8635
2233
7762
7676
3292
4973
6662
4170
8667
1288
9098
8477
9765
9808
7262
7206
1572
9498
9975
9771
3936
2027
7043
3851
1849
4465
4889
1389
8318
5644
1848
6954
9458
9610
6212
2750
4583
4457
8501
4833
5744
7599
3310
7092
8989
572
4298
2143
1652
4273
1914
5587
7881
539
1021
9729
5003
7491
2701
4903
4717
6130
1857
4175
5740
9651
6924
1906
4108
5425
6738
1434
4606
1630
8525
5177
3783
4405
7319
5434
261
815
2604
8141
1353
3624
7871
7937
2697
2154
2840
7413
8283
6279
1588
5606
5930
94
7511
38
7100
4249
1471
3288
5878
1579
8464
9660
5983
5783
5094
6243
8179
9279
4385
1114
4485
3838
9050
7181
5991
3472
6176
5856
9750
7763
1462
7262
9438
8972
7299
6538
4803
353
9825
2263
1931
9871
3505
9495
7236
8599
5739
5415
9460
1706
8110
3946
5543
7160
1127
3116
2215
7303
8971
3547
6648
2016
810
6087
988
8108
4207
7373
43
4033
9635
1973
5486
3141
1469
2723
3322
8789
9719
2782
495
7830
6727
7619
6572
9436
735
8786
6739
1288
2334
4969
3303
3143
1056
5873
2833
5263
3246
2876
878
2881
6430
6363
7603
9480
668
925
9851
388
5289
346
8217
2016
7964
4789
1452
281
3576
9772
1569
7491
4742
4871
2216
7379
744
5048
2642
5571
9505
5101
35
5936
3047
7637
6998
3714
145
6850
4101
5433
8777
2318
7448
8324
8689
483
8604
3847
1837
173
1338
6578
6626
3553
5540
8951
183
9763
4523
9688
4865
4557
7206
7911
3776
5786
3207
3920
2636
8890
9352
2996
2790
8383
1320
1479
448
9923
5325
2284
1679
8244
445
8304
1797
5984
8837
3562
5747
3360
4832
2194
9498
3620
1687
4857
9405
4894
8776
3624
3784
9711
6619
8155
9676
7938
9634
1706
7861
4959
5571
1122
4786
6015
9425
8164
3581
8263
1726
911
3205
6557
3104
4286
177
6373
9142
1165
1267
9500
4788
6632
794
2989
4787
2052
927
6003
3757
370
2545
911
1492
7330
8507
2499
5494
2089
2344
8802
4581
7131
5359
7684
1417
7118
4057
2141
9864
6905
3223
4652
5119
5599
9222
1489
9232
149
9073
4572
2100
1618
5482
5173
530
3989
7672
6024
7659
1598
4826
2240
8728
1767
1507
1727
467
7145
3867
331
5633
8672
6564
752
5853
5786
3822
5085
7516
4478
9656
9616
6095
5138
4789
6625
9127
4043
4231
8368
5641
639
609
4369
3987
2115
6096
4454
9259
1545
6366
4892
1799
2931
7226
7651
299
2630
2737
7815
7107
3975
9013
4785
9113
5384
2992
9822
9427
7222
8190
6650
9442
381
1019
3429
2495
8696
9464
1755
1824
5831
8228
3622
8761
5454
2856
642
9666
7174
8456
6773
1149
7469
1558
1844
2854
4549
1666
3863
3353
1439
513
2795
1819
3113
7806
4314
1810
7270
7650
5215
3101
7460
419
3444
4497
3274
4086
4163
448
4124
2518
3179
3176
4076
5022
7611
207
8270
1474
5142
9708
3568
7936
1527
6680
7324
7422
72
4595
6654
5286
9277
5697
5705
4304
194
561
8389
5938
2591
4095
8455
5769
7270
4113
791
4881
5902
9060
7936
1044
351
1504
562
3460
9766
7886
882
9837
2481
9118
6706
3340
4815
3993
7643
6590
6135
7614
2528
8725
1710
983
4494
562
6678
6867
5443
2580
7509
4961
3623
9442
8047
4184
2902
7813
2070
5365
9232
6132
6065
7520
9472
880
1513
8697
7469
9230
6312
1579
7955
8021
2562
4032
8582
9239
2481
5607
1819
1572
569
7023
1014
8615
1207
3915
8010
3277
863
7242
991
6927
6345
463
9389
9439
9160
8440
8669
7054
20
6625
5075
4163
2239
5239
4984
4719
2429
8384
6290
4579
5407
7304
4776
6613
2801
2786
1472
3663
1610
2463
591
7954
4507
9979
8976
5249
8419
7645
2303
21
4270
7377
4183
6508
4199
9166
2809
8209
7550
9099
2788
2957
7985
7563
1153
786
1931
2624
6031
5122
6668
6621
4659
1176
8182
3635
6424
8183
1280
8727
8204
7132
7686
2387
5222
3467
3136
8031
1676
686
8712
4463
5225
6697
3608
6377
7482
7120
583
3513
3825
7251
1716
8483
8426
1480
3700
6432
9663
6561
5159
9449
3693
4428
3418
498
7894
6553
8528
9570
8821
8822
5615
5628
5519
806
2005
4583
9507
4169
9678
3332
1420
1394
3397
1428
4456
8678
9442
5701
5240
4601
5150
515
611
150
1012
8505
8285
1122
9657
8688
9943
6854
4316
7044
7659
7902
1628
8749
2071
1306
3663
5073
4281
7060
8082
319
7320
7524
6019
2560
3708
2751
3075
4318
4483
5668
4405
2768
6790
4062
1456
8315
917
5771
5360
158
3673
8569
8906
7325
9874
2570
2398
5737
1212
2063
6056
8531
9586
3657
1092
4876
7990
5748
9194
2473
1416
5181
5240
9787
9243
8277
8103
160
4048
5045
317
9302
3614
9223
6627
5070
3375
608
2389
4586
2670
27
3117
3838
3684
5790
297
3256
1538
1073
5728
4536
6253
968
4323
5496
827
4008
7237
4874
9052
7554
5758
4248
8359
3967
9317
3316
4574
3289
7901
8825
3315
2600
4246
8580
8390
4542
1836
1510
7196
9145
6045
3449
1695
1951
8945
2521
5958
6182
8976
6593
5318
4734
841
5259
8701
1741
8574
4857
6611
8057
5265
9925
658
1093
89
630
7216
3506
2139
4412
2652
9766
7860
4346
1717
8387
6867
9256
6152
5843
5849
3052
2160
8272
8311
861
1595
8467
7299
8205
6525
2564
8130
7182
5238
9800
7811
2454
3307
1532
6865
7540
2880
6308
1886
6178
4695
335
5435
2429
6178
2866
5481
9919
2720
5374
2362
4314
3841
9660
2519
366
3807
2232
7547
9044
2032
6940
1499
6920
55
8363
4460
2934
4671
6346
695
949
8262
6129
3377
6022
577
440
5941
3297
5813
8302
9192
9654
7963
1712
20
3352
3943
9149
2396
7556
7671
3894
4477
9307
3840
8936
2242
93
6864
2936
1041
5127
647
6000
1149
2805
6439
7090
7683
2253
5392
6876
3489
4937
170
3508
8288
4112
4239
685
1668
3493
6160
7726
2800
1582
6663
6623
1675
5109
9558
4297
236
1787
1879
2967
6174
9900
57
3857
2153
7030
2315
7223
3550
2484
2313
1838
6595
6552
4104
9845
1627
1847
7571
4426
3428
5816
1050
6684
926
2190
2564
2743
5559
6024
5709
1733
5924
7347
7171
9658
5960
9486
6881
9509
1970
9194
1347
148
7328
7033
1575
8954
8879
728
3380
3889
6544
6011
2156
9051
8201
4719
1794
5342
743
9085
7074
8249
6432
5827
7907
2392
5313
4789
1901
8865
3983
4830
9012
1311
1863
2169
1847
2324
2896
5226
6212
1022
2820
8367
73
2603
4668
3449
7944
6993
2534
6600
5242
548
2427
4731
2940
7740
9519
6422
8187
5084
2834
8781
7976
6278
950
9822
8601
3845
6631
6396
4867
9450
6345
6521
2053
2596
9969
9996
9588
2503
6596
6412
4633
605
1143
7572
9926
2245
5576
8113
7328
9992
6894
5305
6270
9425
6709
6454
4853
3340
4432
1302
2790
2359
7822
6424
4954
9374
6420
6124
3459
4598
2536
8091
6785
5261
7245
6711
7505
2822
4825
6415
2814
3301
3302
666
4309
12
7119
9161
4933
3133
463
9305
5492
9866
5729
446
9240
3732
8152
2700
9911
2270
791
6696
7530
8036
3408
6617
2440
9814
3033
6835
4697
6334
9082
9005
6345
7784
9748
1279
917
1793
2166
6408
1660
7894
8436
2482
1626
6588
6763
3120
440
7554
9815
7970
7172
4805
6169
1194
4619
9201
9610
899
5536
8692
9903
3463
6476
1235
6323
7393
3027
8488
5383
6268
7965
3819
8750
1173
1989
5513
4292
4011
4649
4108
3563
3403
495
9731
4596
6696
8933
4206
7594
6051
4481
9079
1096
957
314
7419
9931
3341
7489
5315
9608
5454
716
9940
6627
4287
5454
919
8297
1685
6608
1860
5088
8685
1591
9683
5381
2106
5472
2975
8156
9952
2054
835
2491
3950
8253
2423
8872
5742
7737
63
2779
8452
4
9405
2739
7039
1906
2618
8723
97
4477
5393
8781
7650
6659
5744
9755
2131
8718
9494
3665
2354
329
6155
7885
164
8577
6757
7487
7896
6820
1848
6349
6823
1253
670
5444
4741
4870
5749
6419
9346
1143
6782
8578
7801
2526
9916
1514
2826
9410
5178
5179
1321
2915
3065
3066
1493
1404
2135
9388
8223
3983
7319
6628
6817
9571
2072
1558
4441
9403
9558
5369
546
6340
3948
8346
448
3864
9859
3273
4856
6619
8452
7758
9533
3099
2406
2608
4502
4540
3579
4308
8522
2480
2518
5340
2051
6172
8479
8073
5575
8038
5025
6120
5960
8972
6048
6408
4418
7489
1263
856
4108
9714
196
5223
4395
2601
7831
480
7140
1410
6369
7245
5471
8886
2585
9104
5058
2646
7177
2215
2266
2202
9916
8226
2756
5964
6216
8755
3453
7478
9610
9142
8775
9805
4366
4752
3988
3779
6813
1129
6770
3182
8373
2241
3651
2540
1345
291
5185
105
2506
7451
3888
2422
7259
8226
8386
5057
6981
3421
4117
8174
4146
2892
9561
8511
9226
3550
3872
6039
6260
642
9221
6215
4464
2872
8754
5809
3162
5521
7495
7249
4554
1383
9671
3395
1191
9639
34
8172
4642
4151
7928
8787
8624
7489
7298
7850
1039
1170
3890
8880
3393
4693
5095
7857
9146
5431
5248
3890
2535
2743
1140
7088
5707
2393
2066
6898
2032
2099
6652
6673
7831
4580
7043
6456
2069
4341
5888
4690
7093
1360
3570
2068
6052
8665
9924
6780
4096
6754
671
6630
1079
3392
5301
6786
7366
8948
5266
980
2629
1918
7652
461
6497
6277
8498
148
619
4386
4837
9293
5746
8407
2943
3380
7072
4450
161
2750
1204
2413
963
2283
7386
7845
651
4752
8375
5916
5731
1004
7833
4965
3046
5912
1243
1544
6059
3443
5930
897
4318
1676
886
7260
5055
9539
1710
6797
2289
4496
9209
4833
6778
8177
4260
7428
2929
2635
4926
8659
3639
2759
3625
6684
253
6449
8228
6311
9891
5740
7207
4209
8997
8092
1469
5634
9213
4761
2432
1503
9256
3223
7917
6034
1401
2178
5044
4329
4812
9969
4571
33
4310
9777
6717
4562
6226
6527
2455
6117
3849
1245
1908
2846
919
4958
8479
133
9718
2493
1635
8974
5716
1134
6590
8698
3311
3216
3027
8123
4767
9179
9737
9076
8956
6454
5220
5182
4563
7675
2881
8411
8919
4788
1257
1420
9746
1319
1552
9464
3811
4768
22
9526
5902
8193
8224
9212
1410
2834
8917
6176
2013
8655
6835
2552
6691
2055
7733
2837
1312
2197
1248
1813
6984
4087
3233
8312
5405
4784
9359
9215
9552
9380
325
5454
7573
131
6248
565
4546
6748
6741
8141
6985
3576
693
3676
7212
8
6512
107
2204
9342
1919
771
3429
6733
9082
416
1518
8441
1213
2652
9403
1537
9687
8559
3250
5935
9123
7795
4265
7446
7518
1250
2604
8210
4926
9816
8218
3020
1505
2004
2362
3423
2774
7372
1739
3439
