100 3
1
01
001
0001
10001
000001
0000101
00000101
000110001
0010000001
01000101001
000010000001
0000000000001
00000000000001
000000000100001
0000000000000011
00010100000000001
001000010000001101
0000101001000100001
00010000010100000011
000010000110000010001
0000000000000010000001
00000000001000000000001
000110000000010000010001
0000000000000000011000001
00000000000000010000000001
000001000000001000000000001
0000000000000000001010010001
00000000000000000000000000101
001000001100000000000010000001
0010000000000000000000000001111
10001000010000010001000100101001
000010000001000000000000001001101
0000000000100001000000010000000001
00000000000010000000000000000000001
000000001000000000000000001000000001
0100000000000000000000100000000000101
00100010000001000000010100010010000001
000000000000000000000001000001000010001
0001001000000101010000000000000000000001
00000000010010000000000000001000000000001
000001001000000000000001100001101101000001
1000100001000000010010000000000010000000001
00000000000000000000001000001100001000000001
000000010000000001010000000010000100000000011
0001000000000000000000000100000000000000000001
10000000000000000000000000000000000001000000001
001000000000000000000000000000000000100000100001
0000000000000000000000000001001000001010000000001
00000000000010000001001000000010000000010000100001
000000000000001000000000000100000000000000100000001
0010010000000000010000000000000000000000001000000001
00000000000000000000000100010000000000001000000010001
000100000000000000000000001000000000000100000010000001
0001000000000000000000001001000000000000000000000000001
00000000001010000000000000000000000000000000000000000001
000000100010000000000000000010000000000000000001001000101
0000000101000000000000000000001000000000000000000000000001
01000000000000000000000000000000000000000000000000000000001
000000000000000010000001010000000110000000100100000000000001
0100010000001000000100000000100010001000000000101000000000001
00000001001000000000100000000000000000000001000000100110010001
000010100001000001101000000100010000100000000001100000000000001
0000001001010000000000110001000000010010000000000000000000000001
00000100001000000010000000100000000000000000010000000000000000001
001000011000001010010000000000000000000000000000000000000000100001
0000000001000000000000000000000000000000000100000000000001000000001
10010010000000010000000000000001100100000001000000010000000001000001
000000000000000000000000000000000000000000000010000100000000000000101
0000000000000000000000000000000000000000000000000000000100000001000001
00000010000000100000000000001000000000000010000100001001000100001110001
100000100000000001000000000000100000000000000000000000010000000000000101
0000100000000000000000000000000000000001000000000000000100000000010000001
00100000000000000001000100100000000000000000000000000000000000000000000011
000000000001100000000000000000000101000000000001000001000110000100000000001
1001001000000000000000000000000000000000000100000010000010000000000000001011
01000100000000000000000001000000000000000000010000001000010000100010000000011
000100000000000000000000010000000000000000000001000000010000010000000000000001
0100000000110000001001001000000010000000000000000000000000000001010000000000001
10000000000000000000000000000000000000000000000000000000000000000000000000000011
000000110000000000010010000010100010000000000100000100000010000000000100000000001
0100000000000000000000000000000010000000000000001010000000000001010000000001000001
10000000000000000000000001000100000010000000000000000010001000010000000001000000001
000000000000011000000000010000000110000000000000000100000000000100000000001000000001
1000000000100000010100001100000000000000100000000000000000000000000000000000000000001
10010000000000000000000010000000110100000000000000000010000000010000000000000100001001
000000000000000100000000000000000100000001000000000010010000000010000000100000010000001
0001000000000000000000000000000000010000000100000001010000000000000100001001000000000001
00000100000000000000000000010000000000001000000010000001000000000010000000000000000100001
100000110000000000000000000000000000000001000000000000000000000000000000000000001100011001
0000000100000000001000100000000000000000000100011000000000001000000010000000000001000000011
00000001000000000000100000000000000000000000000010100000000000000000000000000000000000000011
000010000001000000000100000000000000000000000000000000001000010001000000000000000010000000001
0011000000000000000000000010000000001001000000000000010000000000000000000000100100000000000001
01000000100000000000000000100001000000010000000000000000000000000000100000000000001000000000001
000000100000000000011000000001000100000001000000000010000000000000110000000000000010000001000001
0000000000100001000000000000000000000100000000000000000000010000110000000000000000000000000000001
00000000010000000000000010100000000000000000000000000100000001000000000010000000000000000000000101
000000000000000100010000000000000000101000000000000000000100000100000000001000000001000000000001011
1100001000001000000100000100001000000000000000010000000000001000000100000000001001000000000000000001
