50 4
1
01
011
0101
00001
000001
0000001
00000001
000000001
0010100001
00110100001
100000000001
0000000010001
00000000000001
100010100000001
0000110011000101
00000000000100001
000000010001101101
1000000000100000001
00100010100000000001
000110100000001001111
0010000000010000010001
10001100001000000000011
000000000000100001001001
1011001000100000000000001
01100000111000000100000001
010001100001100001001000001
0001000000000001100000010001
00001000000000000000000000001
000000000100000000000000000001
0000000010000000000100001000001
00000000000000100000100010000001
010000000010010010110101000011001
1000000000100100001000000000100001
00100000001101000000000000000000001
000000100000010000001001001000001001
0000000100000111010101100000000000001
00100000000000000000000000010000000001
000000000001000000100100000100000000001
0000000000000000000000100000010100000001
00100000000000001000000000011010000000001
000000001001000000000000000000010000000001
0000000000000000010000100000001001100010001
00110010010001000000000000001000101000000001
000000000000000000000000000100100000000101001
0000000110000000000100000000000001001001000001
00001000101000100000110000001000101000000000011
100010000000000000000000010000000010000000000011
0000010000000000001000100010001000000000000000001
00001001000000000000010000000010001000100000000001
