1000
64543
64489
64213
62551
62451
62175
61501
60653
60449
60399
59911
59841
59629
59217
59117
58115
57487
57169
56641
56069
55989
55229
54599
54563
54367
54299
53349
53067
52115
52075
51953
51885
51171
50833
50249
50045
50041
49339
49051
48923
48841
48729
48101
48097
47785
47729
47487
46791
46567
44085
44071
43275
42923
42895
42881
42865
42827
42729
42605
42599
42433
41947
41109
39779
39237
38979
38619
38567
38479
38055
37607
37555
37263
37113
36885
36737
36565
35761
35569
35501
35449
34923
34757
34093
34085
33267
32945
32713
32621
32443
32297
32265
32159
32063
31555
31369
31275
30981
30571
30127
30101
29487
29359
29219
28969
28505
28303
28181
27709
27083
26893
26693
26543
26111
26003
25593
25513
24619
24485
24163
23989
23773
23501
23379
23359
23313
23211
23207
22643
22583
22245
22197
21687
21445
21393
20681
20663
20119
20033
19955
19625
19361
19249
19085
18921
18895
18761
18225
17977
17601
17391
16841
16667
16363
16293
15891
14433
14411
13869
13537
13531
13219
12519
11293
9903
9571
9403
9113
8573
8147
8083
7937
7681
7219
6917
6895
6543
6009
5875
5785
5707
5677
5645
5447
5305
5151
5057
4787
4363
3149
3103
2367
2065
1431
1043
675
627
559
425
415
84
110
132
250
272
316
356
448
506
536
566
662
688
814
830
900
952
1078
1136
1310
1492
1508
1516
1530
1670
1776
1786
1850
1876
1896
2042
2078
2226
2228
2270
2330
3046
3250
3410
3426
3482
3510
3516
3546
3606
3642
3672
3998
4050
4092
4192
4256
4266
4282
4334
4364
4466
4496
4522
4624
4678
4678
4712
4726
4748
4796
5020
5286
5288
5346
5402
5422
5778
5802
5820
5822
5914
5958
5976
6102
6112
6144
6178
6406
6530
6586
6824
6918
6928
7226
7418
7544
7742
7878
8088
8132
8164
8174
8306
8326
8342
8498
8580
8606
8610
8654
8828
8870
8878
8890
9254
9254
9264
9290
9358
9462
9552
9558
9604
9696
9968
10130
10168
10206
10538
10552
10600
10668
10806
10868
10998
11038
11046
11224
11338
11426
11448
11510
11570
11738
11914
11920
12130
12206
12370
12372
12400
12404
12468
12516
12596
12694
12856
12942
12988
13024
13110
13144
13220
13296
13342
13368
13408
13450
13480
13484
13490
13526
13626
13654
13738
13818
13948
14058
14160
14240
14486
14494
14512
14620
14858
14882
14898
15164
15184
15254
15284
15382
15414
15594
15724
15740
15756
15792
15820
16146
16202
16222
16280
16368
16380
16388
16534
16706
16876
16892
16908
16946
16998
17054
17228
17246
17402
17502
17596
17668
17738
17854
17864
17886
18132
18140
18170
18352
18386
18508
18630
19016
19106
19170
19252
19424
19454
19488
19550
19586
19588
19606
19656
19778
19924
19986
20190
20280
20298
20472
20550
20710
20866
20870
20944
20972
21058
21126
21404
21412
21464
21466
21534
21582
21674
21692
21834
21846
21930
21956
21988
22182
22390
22412
22490
22556
22586
22752
22942
22950
23040
23096
23166
23230
23620
23742
23762
23778
23946
23954
24000
24052
24124
24162
24200
24304
24340
24504
24534
24606
24648
24722
24756
24856
24858
24976
24994
25088
25136
25154
25178
25324
25416
25534
25564
25628
25636
25722
25870
26030
26446
26454
26690
26888
26890
26980
27056
27152
27170
27428
27452
27690
27794
27818
27844
27902
28042
28108
28520
28606
28800
28838
28968
29166
29242
29268
29594
29696
29730
29750
29752
29800
30008
30102
30146
30156
30302
30318
30450
30488
30628
30630
30712
30726
30782
30812
30898
30940
31068
31150
31264
31334
31686
31962
32078
32238
32262
32262
32312
32524
32538
32572
32622
32870
32962
32982
33046
33104
33158
33198
33216
33280
33284
33304
33306
33430
33516
33892
33950
34012
34016
34074
34164
34184
34304
34424
34480
34508
34568
34642
34656
34676
34688
34890
34918
34966
34976
35024
35042
35042
35090
35106
35126
35162
35238
35274
35276
35304
35338
35600
35624
35790
35800
35910
35980
36140
36156
36158
36398
36574
36632
36740
36740
36902
36928
36968
36988
37022
37106
37154
37198
37218
37520
37542
37574
37578
37738
37772
37852
37908
37960
38034
38052
38102
38210
38306
38364
38572
38644
38986
39056
39092
39298
39402
39464
39600
39610
39648
39698
39716
39786
40092
40126
40138
40194
40418
40530
40544
40612
40660
40766
40814
40824
40882
40936
40980
41162
41222
41236
41250
41346
41568
41636
41760
41766
41798
41896
41906
42112
42182
42256
42332
42408
42560
42560
42804
42938
42994
43136
43180
43282
43394
43406
43442
43498
43502
43520
43532
43580
43656
43726
44064
44116
44252
44386
44428
44628
44648
44696
44726
44752
44876
44968
45038
45056
45102
45106
45256
45366
45384
45644
45668
45672
45838
45854
45876
45912
45940
46010
46100
46158
46210
46242
46468
46478
46516
46528
46604
46726
46958
47082
47088
47146
47454
47720
47752
47764
47816
47820
47832
47938
47940
47994
48060
48146
48362
48454
48518
48654
48724
48742
48860
48932
48952
48960
49116
49144
49288
49412
49554
49662
49688
49776
49924
50108
50132
50148
50176
50404
50472
50476
50480
50574
50584
50718
50758
51150
51184
51210
51216
51232
51262
51366
51470
51566
51650
51768
51802
51956
52102
52108
52190
52366
52450
52536
52726
52792
52792
52798
52904
52924
53048
53068
53118
53238
53286
53294
53402
53430
53482
53554
53898
53948
54100
54120
54302
54344
54354
54378
54404
54468
54480
54560
54608
54620
54790
54954
55066
55216
55232
55248
55424
55434
55444
55480
55716
55734
55804
55810
55828
55950
55996
56044
56144
56182
56438
56630
56676
56738
56744
56924
56956
57010
57010
57226
57256
57402
57430
57442
57448
57464
57470
57544
57736
57742
57742
57792
57798
57894
57908
58070
58084
58168
58388
58466
58592
58674
58682
58932
58938
59168
59194
59238
59242
59312
59366
59506
59512
59548
59638
59710
59790
59878
59940
60034
60176
60282
60454
60510
60578
60622
60636
60716
60756
61062
61164
61178
61198
61280
61442
61508
61600
61696
61880
61900
61980
62068
62116
62118
62242
62274
62346
62370
62540
62866
62892
62946
62956
62966
63018
63112
63364
63384
63438
63478
63514
63622
63684
63750
63776
63794
63814
63904
63938
64076
64168
64168
64254
64358
64426
64500
64572
64580
64686
64764
64776
64888
65060
65080
65200
65288
65288
65392
65504
